33333344444225555555
31111132222220000055
31111132222220000055
33333320000000000055
33222220000000000055
32222220000000000055
32220000000000000055
22220000000000000055
22220000000000000055
22220000000000000055
22000000000000000055
42000000000122000055
42000000001122000055
42000111111022000055
42001111110000000055
11111000000000000055
11110000000000000055
10000000000000000055
40000000000000000055
40000000000000000055
40000000000000000055
40000000000000000055
40011100000000000055
40011100000000000055
40011100000000003335
42000000000000003333
42000000000000003333
42222222000000003333
42222222333330003333
43333333333333333333